ΙΙ

LOCA, UBI EPISTOLAE DATAE SUNT ¹

ANTVERHA (Anvers), 531, 571.

AsanFFENBURGma (Aschaffen-
burg), 315.

AUGUSTA TRssvmontm (Trier), 432,
439, 448, 455, 463, 465, 467·

AUGUSTA annmcomm (Augs-
burg), 13, 15,18. 23, 28, 30, 35, 39,
46, 42, 47, 48, 49, 53, 54, 56, 76,
72, 77, 80, 88, 105, 107, 109, 115,
121, 122, 132, 135, 139, 140, 145,
152, 154, 168, 287, 696, 699-

ΒοΝοΝιΑ, 664.

BRUXELLAE, 593.

CAMBERIACUM (Chambery), 627, 639.

ψ CAMERACUM (Cambrai), 550.

CoLomA AGmPPmA (Kbln), 396,

403, 404, 422, 425.

DILINGA (Dillingen), 60, 63, 171, 174,
179, 190, 290, 302, 307, 309, 310,

312.

HALA (Han), 666, 669, 671, 673, 676-
684, 686-691, 693, 694, 761-764,
7061 708, 710, 712-714, 716, 7171
719, 722, 724-729, 734, 737, 739,

744, 746, 748·

INGOLs’rAmtm (Ingolstadt), 161 , 163,

[111ἕέ1οΜ (ιὶὲςε), 513, 521 .
LovAmtm (Louvain), 564, 568, 570,

583, 592, 596·
LUGDUNUM (Lyon), 631.

Moe-mm (Mainz), 367, 369, 382.

 

¹ Numeri paginas indicant.

MONAcmuu (Mfinchen), 155, 156,
279, 284.

ΟΕΝῙΡΟΝε (Innsbruck), 236, 255,
273, 274, 277, 278, 651, 742·

Οιοιωτιωι (Olmntz), 222.

PAmsu, 577, 608, 618.

PRAGA (Prag), 230, 231, 236.

ROMA, 1, 3, 5² 10, 11² ²²1 442 50, 58,
65, 67, 85, 112, 115, 124, 125, 130,
148, 156, 158, 176, 178, 200, 203,
208, 210, 220, 224, 225, 232, 234,
253, 280, 288, 320, 321, 350, 358,
361, 399, 407, 414, 418, 475, 486,
485, 563, 566, 569, 511, 529, 541,
544, 545, 549, 554, 555, 557, 559,
567, 574, 579, 594, 661, 665, 666,
615, 622, 624, 629, 636, 637, 644,
648, 650, 652-662, 665, 669,Ι 673,
676, 685, 687, 692, 694, 698, 765,
708, 711, 715, 718, 720, 721, 723,
733, 736, 741, 743, 747-

sm, 491, 496·

SPIRA (Speier), 327, 341, 352.

Tmmo (Toumon), 641, 645.

TUSCULUM (Frascati), 459, 489, 525,

TYBUR (Tivoli), 663.

vanam, 749, 756·

VmDOBONA (Wien), 206, 213.

VIRDUNUM (Verdun)‚ 618.

Vrrus, S., 474.

